2   2011 519527
104 2011 145625
105 2011  84974
107 2011 203621
108 2011 148768
109 2011 144358
110 2011 491550
111 2011 245698
112 2011 119072
113 2011 290996
114 2011 202035
115 2011 144062
116 2011 217776
117 2011 108404
118 2011 209924
119 2011 199240
122 2011 200473
123 2011  66342
129 2011 148873
189 2011 211266
190 2011  75080
191 2011 151138
192 2011 343418
193 2011 174522
194 2011 463641
197 2011 246342
199 2011 304604

166 2014 156003
167 2014 114539
168 2014 147317
169 2014 138212
170 2014 106694
171 2014 206752
172 2014 131541
173 2014 209249
174 2014  99808
175 2014 103083
176 2014 672592
177 2014 131695
178 2014 218109
179 2014 121278
180 2014  81973
181 2014  98274
182 2014 168370
187 2014  96213
195 2014 101045
196 2014 188151
198 2014  83749
203 2014 220931
204 2014 432729
205 2014  91490
206 2014 270164
207 2014 121124
208 2014 155231
209 2014 180804
211 2014 160553
212 2014 152660
217 2014 179504
218 2014 129658